49 44 50 72 6f 74 65 63 74 20 20 20 20 20 20 20 20 20 20 20 20 20 20 20 20 20 20 20 20 20 20 20 41 74 68 65 6e 61 20 53 6d 61 72 74 63 61 72 64 20 53 6f 6c 75 74 69 6f 6e 73 20 20 20 20 20 20 49 44 50 72 6f 74 65 63 74 20 20 20 20 20 20 20 30 44   35   30 30 30 30 39 32   31   32 32 38 37 39 36 0d 04 00 00 00 00 00 00 00 00 00 00 00 00 00 00 00 00 00 00 10 00 00 00 04 00 00 00 ff ff ff ff 00 00 00 00 ff ff ff ff 00 00 00 00 01 00 01 00 00 00 00 00 00 00 00 00 00 00 00 00 00 00 00 00 00 90 00


# apprently all steps can be skipped if I alter the serial number and it logs in?
# no never managed to replay this ... BULLSHIT

49 44 50 72 6f 74 65 63 74 20 20 20 20 20 20 20 20 20 20 20 20 20 20 20 20 20 20 20 20 20 20 20 41 74 68 65 6e 61 20 53 6d 61 72 74 63 61 72 64 20 53 6f 6c 75 74 69 6f 6e 73 20 20 20 20 20 20 49 44 50 72 6f 74 65 63 74 20 20 20 20 20 20 20 30 44 36 30 30 30 30 39 32 33 32 32 38 37 39 36 0d 04 00 00 00 00 00 00 00 00 00 00 00 00 00 00 00 00 00 00 10 00 00 00 04 00 00 00 ff ff ff ff 00 00 00 00 ff ff ff ff 00 00 00 00 01 00 01 00 00 00 00 00 00 00 00 00 00 00 00 00 00 00 00 00 00 90 00


49 44 50 72 6f 74 65 63 74 20 20 20 20 20 20 20 20 20 20 20 20 20 20 20 20 20 20 20 20 20 20 20 41 74 68 65 6e 61 20 53 6d 61 72 74 63 61 72 64 20 53 6f 6c 75 74 69 6f 6e 73 20 20 20 20 20 20 49 44 50 72 6f 74 65 63 74 20 20 20 20 20 20 20 30 44 36 30 30 30 30 39 32 31 32 32 38 37 39 36 0d 04 00 00 00 00 00 00 00 00 00 00 00 00 00 00 00 00 00 00 10 00 00 00 04 00 00 00 ff ff ff ff 00 00 00 00 ff ff ff ff 00 00 00 00 01 00 01 00 00 00 00 00 00 00 00 00 00 00 00 00 00 00 00 00 00 90 00

