toCard: 00 a4 04 00 0c a0 00 00 01 64 4c 41 53 45 52 00 01 00
toApp: 90 00

toCard: 80 28 ff ff
toApp: 90 00

toCard: 80 a4 08 00 06 3f 00 30 00 ee ee
toApp: 90 00

toCard: 00 b0 00 00 00
toApp: 02 c0 07 00 00 0a 00 0f 00 01 02 c2 0a 00 04 10 00 00 00 00 00 00 00 02 c3 0a 00 04 10 00 00 00 00 00 00 00 02 c1 01 00 02 c5 04 00 00 00 00 02 c6 04 00 00 00 00 02 c8 01 00 02 c9 01 33 02 ca 04 00 03 46 dc 02 cb 01 01 02 cc 01 00 02 cd 01 00 02 cf 01 00 02 d1 02 ff ff 02 d2 02 ff ff 02 d3 3f 00 00 00 00 00 00 00 00 00 00 00 00 00 00 00 00 00 00 00 00 00 00 00 00 00 00 00 00 00 00 00 00 00 00 00 00 00 00 00 00 00 00 00 00 00 00 00 00 00 00 00 00 00 00 00 00 00 00 00 00 00 00 00 02 d5 01 00 02 d6 01 01 02 d7 01 00 90 00

toCard: 80 a4 08 00 06 3f 00 30 00 c0 00
toApp: 90 00

toCard: 00 b0 00 00 00
toApp: 49 44 50 72 6f 74 65 63 74 20 20 20 20 20 20 20 20 20 20 20 20 20 20 20 20 20 20 20 20 20 20 20 41 74 68 65 6e 61 20 53 6d 61 72 74 63 61 72 64 20 53 6f 6c 75 74 69 6f 6e 73 20 20 20 20 20 20 49 44 50 72 6f 74 65 63 74 20 20 20 20 20 20 20 30 44 35 30 30 30 30 39 32 31 32 32 38 37 39 36 0d 04 00 00 00 00 00 00 00 00 00 00 00 00 00 00 00 00 00 00 10 00 00 00 04 00 00 00 ff ff ff ff 00 00 00 00 ff ff ff ff 00 00 00 00 01 00 01 00 00 00 00 00 00 00 00 00 00 00 00 00 00 00 00 00 00 90 00

toCard: 80 a4 08 00 06 3f 00 30 00 30 04
toApp: 6a 82

toCard: 80 a4 08 00 08 3f 00 30 00 30 01 d0 7e
toApp: 6a 82

toCard: 80 a4 08 00 08 3f 00 30 00 30 03 40 00
toApp: 90 00

toCard: 00 b0 00 02 64
toApp: 41 54 48 45 4e 41 53 4e c0 ad aa 78 fc 88 42 0d 90 00

toCard: 80 cb 01 11 00
toApp: 00 00 a2 fa 90 00

toCard: 80 cb 01 80 00
toApp: 0f 3f 8f 90 00

toCard: 80 a4 08 00 06 3f 00 30 00 ee ef
toApp: 90 00

toCard: 00 b0 00 00 00
toApp: 02 c4 01 00 02 c7 08 32 30 31 36 31 30 30 35 90 00

toCard: 80 a4 08 0c 04 3f 00 00 10 00
toApp: 62 2f 87 01 08 83 02 00 10 80 02 00 10 8a 01 04 86 0e 00 ff 00 10 00 ff 00 10 00 ff 00 ff 00 00 85 0f 00 01 00 00 ff 33 04 10 00 00 00 00 00 ff ff 90 00

toCard: 80 a4 08 0c 04 3f 00 00 20 00
toApp: 62 2f 87 01 08 83 02 00 20 80 02 00 10 8a 01 04 86 0e 00 ff c0 30 00 ff 00 10 00 ff 00 10 00 00 85 0f 00 01 00 00 aa 00 04 10 00 00 00 00 00 ff ff 90 00

toCard: 80 cb 01 80 00
toApp: 0f 3f 8f 90 00

toCard: 80 cb 01 80 00
toApp: 0f 3f 8f 90 00

toCard: 00 84 00 00 20
toApp: c7 ba c1 88 31 0e d6 d1 58 94 37 1d cc 43 bd 2d 09 18 df 8a 17 bc 1e 09 5b 7b c7 c1 ee ca 5f 99 90 00